Optimisation Level: all
Generations: 100
Grid Size: 256
13enginecordership 0.7740190029144287 0.7469301223754883 0.7415056228637695 0.745488166809082 0.7539255619049072
Frothing_puffer 0.7568740844726562 0.7554988861083984 0.7580413818359375 0.7567827701568604 0.7587301731109619
Gosper_glider_gun 0.7478904724121094 0.7563159465789795 0.7537107467651367 0.7536728382110596 0.7575547695159912
Period144Oscillator 0.7554483413696289 0.755012035369873 0.7556960582733154 0.7563762664794922 0.7570586204528809

Grid Size: 512
13enginecordership 3.0427541732788086 3.0518078804016113 3.0416018962860107 3.3759138584136963 3.5783071517944336
Frothing_puffer 3.5944924354553223 3.579288959503174 3.580962657928467 3.5809717178344727 3.5789296627044678
Gosper_glider_gun 3.5639255046844482 3.5249581336975098 3.5168042182922363 3.525507688522339 3.699497938156128
Period144Oscillator 3.6443324089050293 3.5336477756500244 3.58560848236084 3.578364849090576 3.5339887142181396

Grid Size: 1024
13enginecordership 14.426883697509766 14.247676372528076 14.328820705413818 14.24780821800232 14.505378007888794
Frothing_puffer 14.330765724182129 14.282086372375488 14.334181308746338 14.561571836471558 14.608630180358887
Gosper_glider_gun 14.381293058395386 14.337621927261353 14.313741207122803 14.350647449493408 14.766689538955688
Period144Oscillator 14.585978746414185 14.645214080810547 14.324853420257568 14.49387001991272 14.681047201156616

Generations: 1000
Grid Size: 256
13enginecordership 8.757001876831055 8.750762939453125 8.760966300964355 8.732819557189941 8.759506464004517
Frothing_puffer 8.697927236557007 8.993401288986206 8.768551588058472 8.667361974716187 8.627526760101318
Gosper_glider_gun 8.710299253463745 8.720268964767456 8.707929372787476 8.728623151779175 8.669596195220947
Period144Oscillator 8.917030096054077 8.856302738189697 8.846396923065186 8.841653108596802 8.682898759841919

Grid Size: 512
13enginecordership 35.69475030899048 35.6957733631134 35.826138734817505 35.70670986175537 35.77765870094299
Frothing_puffer 35.46960759162903 35.57870125770569 35.76669096946716 35.2606999874115 34.94732475280762
Gosper_glider_gun 35.32924723625183 35.490864992141724 35.16718077659607 35.43711829185486 34.98399496078491
Period144Oscillator 35.25595784187317 35.95474147796631 35.76390767097473 35.9860634803772 35.71805381774902

Grid Size: 1024
13enginecordership 142.89593386650085 145.62338709831238 142.01205945014954 143.9773120880127 142.55754780769348
Frothing_puffer 142.60321760177612 142.0760326385498 143.31992292404175 141.38526964187622 141.8420557975769
Gosper_glider_gun 144.4882457256317 143.27121353149414 143.4155797958374 141.85824513435364 143.7563145160675
Period144Oscillator 143.3954746723175 146.9100399017334 143.1367108821869 144.72376251220703 143.2700424194336

Generations: 10000
Grid Size: 256
13enginecordership 86.78497004508972 87.1367347240448 86.10557270050049 87.20132780075073 87.00823497772217
Frothing_puffer 86.37833428382874 86.72066378593445 85.9321403503418 85.65251064300537 86.9816038608551
Gosper_glider_gun 86.5445990562439 86.60293507575989 86.46151089668274 86.49543738365173 85.89110946655273
Period144Oscillator 88.03628373146057 87.39765286445618 87.16875863075256 88.06728458404541 87.59572291374207

Grid Size: 512
13enginecordership 348.5024755001068 351.2332797050476 351.4331533908844 354.0784158706665 351.37799048423767
Frothing_puffer 345.17401671409607 345.61344170570374 343.5993893146515 369.79564094543457 346.53994703292847
Gosper_glider_gun 349.21291303634644 353.2912027835846 354.3257944583893 355.62663412094116 349.45288252830505
Period144Oscillator 350.9786880016327 356.224463224411 354.7019329071045 350.8194739818573 355.6712245941162

Grid Size: 1024
13enginecordership 1444.1493468284607 1428.5499355793 1419.5942680835724 1420.9909813404083 1417.5320749282837
Frothing_puffer 1417.0496492385864 1408.3703200817108 1406.9405071735382 1412.030711889267 1407.260466337204
Gosper_glider_gun 1417.201504945755 1419.278414964676 1415.6147155761719 1427.7154343128204 1418.183352947235
Period144Oscillator 1436.8395791053772 1435.0914204120636 1427.2131261825562 1431.0063316822052 1445.3187255859375

Optimisation Level: levelOne
Generations: 100
Grid Size: 256
13enginecordership 0.13561177253723145 0.13288283348083496 0.13203668594360352 0.13211345672607422 0.1313481330871582
Frothing_puffer 0.12942743301391602 0.13013935089111328 0.13227272033691406 0.13234853744506836 0.12993669509887695
Gosper_glider_gun 0.12983417510986328 0.13442230224609375 0.1379384994506836 0.13660740852355957 0.13399863243103027
Period144Oscillator 0.13420748710632324 0.1338341236114502 0.13022756576538086 0.13117289543151855 0.12996387481689453

Grid Size: 512
13enginecordership 0.5490059852600098 0.5493307113647461 0.5488483905792236 0.5694701671600342 0.5567831993103027
Frothing_puffer 0.555626392364502 0.5551738739013672 0.5550339221954346 0.5637786388397217 0.5664031505584717
Gosper_glider_gun 0.5588188171386719 0.5589210987091064 0.5609762668609619 0.5588366985321045 0.5732440948486328
Period144Oscillator 0.5590293407440186 0.5616517066955566 0.5588555335998535 0.5605225563049316 0.5720677375793457

Grid Size: 1024
13enginecordership 2.275454044342041 2.272099733352661 2.2808148860931396 2.2569172382354736 2.2601349353790283
Frothing_puffer 2.294011354446411 2.2948508262634277 2.2869374752044678 2.2892420291900635 2.3026692867279053
Gosper_glider_gun 2.3090896606445312 2.293947219848633 2.2899813652038574 2.308194875717163 2.310173988342285
Period144Oscillator 2.3293542861938477 2.2961318492889404 2.289069890975952 2.317753314971924 2.333063840866089

Generations: 1000
Grid Size: 256
13enginecordership 1.2822856903076172 1.3030102252960205 1.2851707935333252 1.2966055870056152 1.2861597537994385
Frothing_puffer 1.2132740020751953 1.222334861755371 1.213118553161621 1.2263648509979248 1.2152490615844727
Gosper_glider_gun 1.260697603225708 1.2746999263763428 1.2668442726135254 1.2754037380218506 1.2623231410980225
Period144Oscillator 1.3076274394989014 1.301755666732788 1.2921631336212158 1.3100600242614746 1.290663719177246

Grid Size: 512
13enginecordership 5.4668519496917725 5.474814414978027 5.472886085510254 5.475960731506348 5.454010963439941
Frothing_puffer 5.1686177253723145 5.134277582168579 5.126630067825317 5.143103361129761 5.149205446243286
Gosper_glider_gun 5.358451843261719 5.3304736614227295 5.327200174331665 5.360276460647583 5.341750621795654
Period144Oscillator 5.522329807281494 5.536398649215698 5.521644353866577 5.538441896438599 5.538883209228516

Grid Size: 1024
13enginecordership 22.854761362075806 22.81566071510315 22.896912097930908 22.356462001800537 22.768346071243286
Frothing_puffer 21.97882866859436 21.99409008026123 21.973564863204956 21.76304817199707 22.019786596298218
Gosper_glider_gun 22.081935167312622 22.178812265396118 22.35500454902649 22.23243236541748 22.67081117630005
Period144Oscillator 22.86281991004944 22.98331642150879 22.91066551208496 23.248859882354736 23.050825834274292

Generations: 10000
Grid Size: 256
13enginecordership 11.907292604446411 11.97553300857544 11.95431113243103 11.971508502960205 11.9109628200531
Frothing_puffer 11.823688745498657 11.782544612884521 11.860924243927002 11.770602941513062 11.783120393753052
Gosper_glider_gun 12.174038410186768 12.193440914154053 12.185699701309204 12.220770120620728 12.181169033050537
Period144Oscillator 12.839874267578125 12.832918405532837 12.794462442398071 12.847951173782349 12.792224645614624

Grid Size: 512
13enginecordership 50.98295593261719 50.91324257850647 51.38921546936035 51.30239200592041 51.25633716583252
Frothing_puffer 49.33605194091797 48.78256297111511 49.45648193359375 49.220104694366455 49.272440910339355
Gosper_glider_gun 54.452903270721436 54.76747941970825 55.25146245956421 55.478031873703 55.56106472015381
Period144Oscillator 55.4834508895874 54.98549294471741 55.03003120422363 55.02009725570679 55.10145282745361

Grid Size: 1024
13enginecordership 217.83430409431458 223.95093750953674 219.80238151550293 221.71495389938354 223.4666097164154
Frothing_puffer 212.5651891231537 215.8098645210266 214.21417999267578 214.45480942726135 215.7304265499115
Gosper_glider_gun 219.34425711631775 223.41775250434875 222.1488447189331 218.95204520225525 220.62372016906738
Period144Oscillator 229.6655502319336 229.83239102363586 229.1176598072052 227.28565955162048 228.26956391334534

Optimisation Level: levelTwo
Generations: 100
Grid Size: 256
13enginecordership 0.14010000228881836 0.14169859886169434 0.1383228302001953 0.13449454307556152 0.13411664962768555
Frothing_puffer 0.13582444190979004 0.13454794883728027 0.13185811042785645 0.13238191604614258 0.13450860977172852
Gosper_glider_gun 0.13519525527954102 0.1322932243347168 0.13248705863952637 0.1322615146636963 0.1352529525756836
Period144Oscillator 0.13422298431396484 0.1321556568145752 0.13225817680358887 0.13538599014282227 0.13423871994018555

Grid Size: 512
13enginecordership 0.5661828517913818 0.5673465728759766 0.5571026802062988 0.5575864315032959 0.5504558086395264
Frothing_puffer 0.5657937526702881 0.5807085037231445 0.55912184715271 0.5629675388336182 0.558464527130127
Gosper_glider_gun 0.566267728805542 0.5756947994232178 0.5674886703491211 0.5600998401641846 0.5628890991210938
Period144Oscillator 0.5651521682739258 0.5784540176391602 0.5728228092193604 0.5614418983459473 0.5615627765655518

Grid Size: 1024
13enginecordership 2.341613292694092 2.333120822906494 2.3124237060546875 2.302664279937744 2.3115055561065674
Frothing_puffer 2.3270087242126465 2.3494296073913574 2.346491575241089 2.6768624782562256 2.510523557662964
Gosper_glider_gun 2.6075222492218018 2.733344078063965 2.4361608028411865 2.3385837078094482 2.360943555831909
Period144Oscillator 2.358525276184082 2.356931209564209 2.3476786613464355 2.352742910385132 2.363048553466797

Generations: 1000
Grid Size: 256
13enginecordership 1.2988600730895996 1.2976465225219727 1.288898229598999 1.317056655883789 1.2830302715301514
Frothing_puffer 1.2395195960998535 1.216054916381836 1.3544790744781494 1.5109329223632812 1.2932813167572021
Gosper_glider_gun 1.360039472579956 1.3437561988830566 1.3618159294128418 1.3452997207641602 1.3533968925476074
Period144Oscillator 1.3864984512329102 1.3974311351776123 1.3832030296325684 1.3930292129516602 1.385392665863037

Grid Size: 512
13enginecordership 5.8443334102630615 5.537461996078491 5.520742893218994 5.5187249183654785 5.622209787368774
Frothing_puffer 5.231807708740234 5.216724395751953 5.227113246917725 5.223323106765747 5.241615295410156
Gosper_glider_gun 5.4204254150390625 5.425065279006958 5.417624473571777 5.415928602218628 5.39146614074707
Period144Oscillator 5.616837978363037 5.615457057952881 5.638107061386108 5.618723630905151 5.615402460098267

Grid Size: 1024
13enginecordership 23.087100505828857 23.10130524635315 22.882245540618896 23.276577711105347 23.234346389770508
Frothing_puffer 22.55813694000244 22.221102476119995 22.610107898712158 22.032445430755615 22.15255880355835
Gosper_glider_gun 23.59258794784546 22.590009927749634 22.58571982383728 22.591755390167236 23.03556728363037
Period144Oscillator 23.238953113555908 23.20854377746582 23.128902435302734 23.265430688858032 23.508899211883545

Generations: 10000
Grid Size: 256
13enginecordership 12.205546855926514 12.149003982543945 12.142874240875244 12.146721124649048 12.20028018951416
Frothing_puffer 12.012500286102295 11.969309568405151 12.029147148132324 12.003521203994751 11.998987913131714
Gosper_glider_gun 12.40729832649231 12.427068948745728 12.411631345748901 12.387556552886963 12.410625219345093
Period144Oscillator 13.04688048362732 13.096520900726318 13.23115086555481 13.148258924484253 13.176485300064087

Grid Size: 512
13enginecordership 52.163883686065674 52.46503710746765 52.32462430000305 52.203282594680786 51.72441506385803
Frothing_puffer 50.36725473403931 50.42520499229431 50.43484044075012 50.13027906417847 50.45386242866516
Gosper_glider_gun 56.18264412879944 56.049965143203735 56.13135123252869 55.85198354721069 55.63187098503113
Period144Oscillator 56.21521306037903 56.037779331207275 55.939966440200806 56.070579290390015 56.16020464897156

Grid Size: 1024
13enginecordership 222.91363096237183 225.1746850013733 222.58985495567322 220.34794735908508 222.55895900726318
Frothing_puffer 217.30436778068542 218.52024674415588 215.25837874412537 218.61782789230347 215.90603828430176
Gosper_glider_gun 613.3400378227234 226.33510446548462 228.51251697540283 228.70317339897156 223.79665970802307
Period144Oscillator 236.568186044693 232.2590353488922 235.52426719665527 232.13695240020752 230.7097418308258

Optimisation Level: levelThree
Generations: 100
Grid Size: 256
13enginecordership 0.11742687225341797 0.11470675468444824 0.1142730712890625 0.11509060859680176 0.11290621757507324
Frothing_puffer 0.12300753593444824 0.11637330055236816 0.1160590648651123 0.11444807052612305 0.11288952827453613
Gosper_glider_gun 0.11263012886047363 0.11374187469482422 0.11323952674865723 0.11313199996948242 0.11326718330383301
Period144Oscillator 0.11337804794311523 0.11303448677062988 0.11283206939697266 0.11295270919799805 0.11344242095947266

Grid Size: 512
13enginecordership 0.47443270683288574 0.4770090579986572 0.48441386222839355 0.48177480697631836 0.475177526473999
Frothing_puffer 0.4864177703857422 0.4820241928100586 0.48237013816833496 0.4869060516357422 0.494520902633667
Gosper_glider_gun 0.4847702980041504 0.48485875129699707 0.485823392868042 0.48554134368896484 0.48464202880859375
Period144Oscillator 0.506690263748169 0.4847695827484131 0.48738861083984375 0.4860663414001465 0.4861924648284912

Grid Size: 1024
13enginecordership 1.9919710159301758 1.9604072570800781 1.9397666454315186 1.9601249694824219 1.9833354949951172
Frothing_puffer 2.0035195350646973 1.9950759410858154 1.9650170803070068 2.0101404190063477 2.0299060344696045
Gosper_glider_gun 1.9904463291168213 1.98610258102417 2.032205581665039 1.9865446090698242 2.01387882232666
Period144Oscillator 2.0093448162078857 1.977997064590454 2.0151913166046143 2.0424840450286865 2.0193393230438232

Generations: 1000
Grid Size: 256
13enginecordership 1.1270806789398193 1.2744383811950684 1.16184401512146 1.2665677070617676 1.2313849925994873
Frothing_puffer 1.2154123783111572 1.1952447891235352 1.3171823024749756 1.379014492034912 1.3797404766082764
Gosper_glider_gun 1.371931791305542 1.3257925510406494 1.2530357837677002 1.3847084045410156 1.2508339881896973
Period144Oscillator 1.19728422164917 1.1363193988800049 1.1110875606536865 1.1080920696258545 1.123072624206543

Grid Size: 512
13enginecordership 4.71351170539856 4.733796834945679 4.7396862506866455 4.740192413330078 4.757648468017578
Frothing_puffer 4.812780380249023 5.038994312286377 4.894320726394653 4.492671012878418 4.439669609069824
Gosper_glider_gun 4.603313207626343 4.629400730133057 4.615821361541748 4.634345769882202 4.616008758544922
Period144Oscillator 4.8472373485565186 4.822064161300659 4.827874183654785 4.849382400512695 4.818111419677734

Grid Size: 1024
13enginecordership 19.813268184661865 19.752086639404297 19.59596347808838 19.62945008277893 19.607618808746338
Frothing_puffer 18.799094676971436 18.632072925567627 18.78847336769104 18.78266191482544 18.78518271446228
Gosper_glider_gun 18.854382038116455 19.024900913238525 19.215054035186768 19.134952783584595 19.010470390319824
Period144Oscillator 20.01262331008911 20.080775260925293 20.056792974472046 19.671806812286377 19.980557203292847

Generations: 10000
Grid Size: 256
13enginecordership 10.150907516479492 10.154321193695068 10.145493507385254 10.168281555175781 10.145007610321045
Frothing_puffer 10.056033849716187 10.056214094161987 10.043009042739868 10.083306312561035 10.083118200302124
Gosper_glider_gun 10.493016958236694 10.46459674835205 10.465138673782349 10.489163637161255 10.481081247329712
Period144Oscillator 11.155694723129272 11.123402833938599 11.101804971694946 11.096963882446289 11.325623035430908

Grid Size: 512
13enginecordership 43.68513321876526 43.4107027053833 43.30859446525574 43.47775673866272 42.92909002304077
Frothing_puffer 42.14187407493591 41.751131534576416 42.38062906265259 42.379924297332764 42.60340738296509
Gosper_glider_gun 47.79217982292175 47.71661710739136 46.93420052528381 47.36835217475891 47.164313554763794
Period144Oscillator 47.737180948257446 47.556002378463745 47.82499980926514 47.66088604927063 47.69434714317322

Grid Size: 1024
13enginecordership 193.18398427963257 189.42063093185425 189.23036289215088 186.30496072769165 189.16761231422424
Frothing_puffer 182.8885040283203 178.41227626800537 183.38983702659607 182.37608408927917 179.2061743736267
Gosper_glider_gun 186.75124764442444 187.0135452747345 189.43783044815063 208.37740445137024 192.87766432762146
Period144Oscillator 201.59114813804626 197.9231321811676 201.2413456439972 201.2119071483612 199.24197101593018

